learningSet = [1.000000, 66.210098, 5.834396;
0.000000, 72.485073, 6.796288;
1.000000, 68.598582, 4.864290;
0.000000, 71.610631, 7.188586;
0.000000, 89.672458, 6.208821;
0.000000, 63.526825, 5.817732;
1.000000, 54.654748, 6.047756;
1.000000, 50.346407, 5.543768;
1.000000, 47.649653, 6.793331;
1.000000, 65.869735, 6.609065;
0.000000, 78.858196, 8.192742;
1.000000, 81.598852, 7.322334;
0.000000, 81.439420, 8.280938;
1.000000, 78.041277, 5.348098;
0.000000, 53.600030, 5.815481;
1.000000, 65.647876, 6.207152;
1.000000, 61.869757, 5.581289;
1.000000, 56.171732, 6.426597;
0.000000, 105.914035, 8.379159;
1.000000, 51.407388, 6.959941;
0.000000, 74.002526, 8.511914;
1.000000, 57.609162, 5.712689;
1.000000, 58.746725, 6.340764;
0.000000, 77.158615, 7.047486;
0.000000, 65.239995, 6.675486;
0.000000, 70.062905, 7.626244;
1.000000, 65.527454, 6.902679;
0.000000, 86.918290, 8.528131;
1.000000, 46.384116, 5.427950;
0.000000, 75.855714, 7.440219;
0.000000, 52.525838, 9.615775;
0.000000, 118.710971, 8.046129;
1.000000, 78.875305, 4.216905;
0.000000, 89.307020, 7.896708;
0.000000, 93.657003, 7.689024;
1.000000, 63.286089, 5.694035;
1.000000, 61.733891, 6.531840;
0.000000, 70.119011, 7.607594;
0.000000, 93.230677, 8.476473;
1.000000, 64.328199, 6.612170;
1.000000, 57.375348, 6.639558;
1.000000, 62.196825, 6.974185;
1.000000, 78.730280, 4.943208;
0.000000, 91.957898, 7.801326;
0.000000, 76.651008, 8.820355;
0.000000, 99.410883, 5.615727;
1.000000, 48.225036, 5.167234;
0.000000, 65.308282, 6.965700;
1.000000, 68.543159, 5.868783;
0.000000, 61.514240, 8.957589;
0.000000, 90.080672, 7.114200;
0.000000, 89.033258, 8.333752;
1.000000, 42.717786, 5.249410;
1.000000, 61.324742, 6.776524;
1.000000, 59.673867, 7.545827;
1.000000, 56.465113, 5.161262;
0.000000, 91.104841, 9.984108;
0.000000, 108.998262, 8.257479;
1.000000, 57.471722, 4.475642;
1.000000, 41.134673, 6.556825;
0.000000, 86.476820, 6.786267;
0.000000, 88.800392, 9.070456;
0.000000, 87.267840, 6.907817;
0.000000, 81.265665, 9.094752;
1.000000, 67.778169, 6.853654;
0.000000, 84.115772, 8.390050;
1.000000, 64.711640, 6.628662;
0.000000, 79.103839, 7.406167;
0.000000, 77.446246, 8.837614;
0.000000, 69.968717, 7.634701;
0.000000, 99.718612, 8.437127;
1.000000, 69.070363, 6.213494;
0.000000, 83.526315, 7.265087;
0.000000, 63.768126, 6.045211;
1.000000, 76.795318, 6.291751;
0.000000, 90.626291, 8.407325;
0.000000, 82.919354, 8.063190;
1.000000, 64.898159, 6.158320;
1.000000, 64.430258, 6.575885;
1.000000, 61.375258, 6.386497;
1.000000, 58.323174, 7.533813;
1.000000, 61.516555, 6.445576;
1.000000, 76.611453, 5.567486;
1.000000, 46.394540, 5.520331;
1.000000, 78.160905, 6.715642;
1.000000, 56.769491, 5.483722;
0.000000, 89.409916, 6.845881;
1.000000, 86.318746, 6.252568;
0.000000, 73.891349, 6.374063;
1.000000, 77.426289, 6.181972;
1.000000, 61.025564, 6.841756;
1.000000, 73.658410, 4.545351;
0.000000, 95.596924, 5.997893;
1.000000, 65.861145, 6.454863;
0.000000, 93.596554, 9.316564;
1.000000, 66.165296, 6.481780;
0.000000, 91.739960, 9.443860;
0.000000, 84.048521, 7.518792;
1.000000, 65.333915, 6.859771;
1.000000, 62.755700, 5.842515;
0.000000, 100.638995, 7.018553;
0.000000, 72.074433, 7.058098;
0.000000, 97.269313, 7.822984;
1.000000, 74.860898, 5.054697;
0.000000, 87.266198, 9.054109;
1.000000, 65.557707, 5.116715;
0.000000, 106.401679, 5.846187;
1.000000, 65.232890, 6.457132;
0.000000, 95.669760, 7.678898;
1.000000, 77.205195, 5.068137;
1.000000, 47.431762, 5.365536;
1.000000, 49.139385, 6.027756;
1.000000, 72.130663, 5.423652;
1.000000, 60.640151, 6.030132;
1.000000, 47.584311, 7.023014;
0.000000, 87.260767, 7.658094;
1.000000, 58.563044, 5.533208;
1.000000, 74.304659, 5.934694;
0.000000, 85.297050, 6.106452;
1.000000, 49.909671, 6.222183;
0.000000, 71.861967, 10.923539;
0.000000, 84.073759, 6.104518;
1.000000, 72.017075, 6.413085;
1.000000, 86.226998, 5.726605;
0.000000, 98.822210, 7.828540;
1.000000, 72.614546, 6.029991;
0.000000, 64.795598, 7.485256;
1.000000, 81.559222, 5.511926;
0.000000, 73.988925, 6.656021;
0.000000, 65.505252, 6.816039;
0.000000, 84.191137, 6.527861;
1.000000, 61.565267, 6.172641;
0.000000, 88.796906, 8.174443;
1.000000, 80.925919, 6.105711;
1.000000, 42.999858, 5.003427;
0.000000, 60.996507, 7.977064;
0.000000, 65.381206, 8.023931;
0.000000, 65.645945, 6.550238;
1.000000, 50.711442, 6.878236;
1.000000, 74.835798, 6.261109;
0.000000, 87.069179, 8.555160;
1.000000, 51.066412, 6.639540;
1.000000, 59.551383, 6.535203;
1.000000, 67.472437, 5.657041;
1.000000, 84.793703, 4.929773;
0.000000, 81.859215, 7.521908;
0.000000, 62.367626, 8.946749;
1.000000, 68.763469, 5.809808;
1.000000, 57.819073, 5.486995;
1.000000, 60.529015, 5.972701;
0.000000, 79.100071, 7.718703;
0.000000, 91.663887, 6.808661;
0.000000, 76.815860, 9.113753;
1.000000, 63.759003, 7.088632;
1.000000, 84.090181, 7.066813;
1.000000, 71.043570, 6.926847;
0.000000, 71.642241, 5.733842;
1.000000, 49.922912, 6.849855;
1.000000, 51.931467, 4.810233;
0.000000, 90.378291, 6.759528;
1.000000, 52.584700, 6.037738;
1.000000, 86.860598, 4.232220;
1.000000, 58.088206, 5.207926;
0.000000, 72.569519, 7.026212;
1.000000, 73.513636, 5.873520;
1.000000, 90.471635, 6.091005;
1.000000, 82.257795, 6.094262;
1.000000, 47.428635, 5.301922;
0.000000, 89.858870, 8.924470;
0.000000, 61.787204, 6.327083;
1.000000, 79.126210, 5.321787;
1.000000, 72.660169, 5.840657;
1.000000, 56.532819, 6.518369;
1.000000, 63.122922, 5.440909;
1.000000, 73.404910, 6.670889;
1.000000, 90.452102, 5.957066;
0.000000, 88.743646, 5.427783;
1.000000, 45.581818, 5.097704;
1.000000, 69.040872, 5.639005;
1.000000, 66.774239, 6.716297;
1.000000, 64.316924, 4.346279;
0.000000, 72.855716, 7.321500;
0.000000, 84.836181, 6.677887;
1.000000, 54.427889, 5.875669;
0.000000, 84.144769, 6.745799;
1.000000, 72.594877, 6.410151;
1.000000, 62.413454, 5.268377;
0.000000, 69.015404, 8.561321;
1.000000, 63.456702, 6.442954;
1.000000, 63.394596, 7.035094;
0.000000, 90.935410, 9.189056;
1.000000, 69.262532, 5.257036;
0.000000, 86.740486, 7.595725;
1.000000, 66.063195, 5.743991;
1.000000, 67.008060, 6.940673;
1.000000, 55.797953, 6.633586;
0.000000, 84.409674, 8.369560;
0.000000, 58.703389, 7.467049;
1.000000, 60.884175, 6.073719;
1.000000, 58.566919, 5.235071;
0.000000, 87.277807, 7.064754;
0.000000, 100.493318, 7.409565;
1.000000, 72.328383, 5.200126;
1.000000, 66.248598, 5.822072;
1.000000, 58.313360, 6.851834;
0.000000, 94.654355, 7.613912;
1.000000, 26.818750, 4.104277;
0.000000, 105.592924, 7.731685;
1.000000, 78.474383, 7.154448;
0.000000, 81.928501, 8.423196;
1.000000, 52.096805, 5.904534;
1.000000, 66.581147, 4.208838;
0.000000, 94.921957, 7.879372;
1.000000, 59.587493, 7.165103;
0.000000, 65.815460, 6.538941;
0.000000, 86.872914, 8.668606;
1.000000, 54.671749, 5.241638;
0.000000, 49.813629, 7.308773;
0.000000, 71.288390, 7.929526;
1.000000, 77.173240, 4.428936;
1.000000, 84.841514, 4.975296;
1.000000, 73.381214, 6.284418;
0.000000, 44.950458, 6.961686;
0.000000, 90.490299, 9.229255;
0.000000, 80.671254, 7.421825;
1.000000, 55.235569, 7.175618;
1.000000, 63.454972, 7.047500;
0.000000, 83.048060, 6.396500;
1.000000, 68.373349, 5.754335;
0.000000, 58.757734, 9.980299;
1.000000, 50.348168, 4.242650;
1.000000, 66.434739, 6.060180;
0.000000, 90.828748, 6.293300;
0.000000, 47.294697, 9.731472;
1.000000, 58.650056, 6.510038;
0.000000, 84.708823, 7.674316;
0.000000, 71.931679, 8.501322;
1.000000, 63.850835, 5.138456;
1.000000, 54.836951, 6.759613;
1.000000, 56.375638, 5.890206;
0.000000, 73.691391, 7.792175;
1.000000, 89.364718, 6.452676;
1.000000, 65.865538, 6.297725;
0.000000, 71.547773, 9.796236;
0.000000, 106.608534, 7.472864;
0.000000, 87.230135, 7.699494;
1.000000, 50.089255, 5.772207;
0.000000, 89.804462, 6.792894;
1.000000, 60.166695, 7.123516;
1.000000, 67.335469, 5.648038;
0.000000, 96.537975, 7.241736;
0.000000, 89.554568, 7.622791;
0.000000, 74.968403, 7.189992;
0.000000, 59.992784, 7.324391;
0.000000, 73.435149, 7.828484;
0.000000, 70.868789, 9.142655;
1.000000, 83.607169, 5.900888;
